000022
000029
000030
000032
000036
000038
000070
000087
000095
000097
000101
000111
000113
000125
000127
000154
000157
000171
000220
000222
000227
000240
000256
000275
000282
000285
000299
000303
000304
000327
000387
000405
000407
000421
000424
000432
000444
000462
000464
000466
000467
000483
000500
000502
000513
000522
000531
000534
000538
000552
000563
000570
000578
000579
000584
000586
000594
000608
000622
000629
000632
000633
000638
000643
000673
000701
000710
000714
000730
000733
000738
000744
000763
000776
000783
000784
000791
000794
000813
000814
000824
000830
000833
000834
000839
000846
000860
000868
000880
000895
000900
000901
000902
000908
000914
000934
000935
000951
000954
000975
000996
001005
001017
001031
001033
001044
001061
001074
001079
001082
001105
001130
001137
001174
001184
001191
001196
001197
001204
001205
001206
001208
001209
001219
001227
001228
001238
001247
001258
001283
001297
001301
001312
001322
001325
001338
001348
001349
001360
001378
001379
001383
001401
001420
001421
001431
001452
001457
001476
001483
001494
001497
001523
001530
001539
001561
001563
001566
001598
001599
001601
001604
001609
001612
001614
001632
001636
001638
001646
001657
001659
001663
001681
001690
001698
001724
001753
001763
001766
001767
001773
001805
001809
001811
001812
001829
001836
001838
001841
001891
001899
001907
001911
001939
001949
001950
001953
001966
001987
002018
002020
002026
002032
002040
002055
002064
002069
002077
002084
002096
002105
002126
002141
002143
002155
002164
002192
002197
002199
002204
002205
002212
002213
002222
002223
002244
002265
002269
002305
002316
002318
002322
002324
002333
002343
002349
002395
002402
002409
002413
002431
002438
002445
002447
002449
002451
002452
002466
002468
002469
002498
002512
002518
002527
002549
002551
002571
002578
002588
002618
002627
002629
002632
002648
002671
002678
002682
002683
002688
002723
002732
002736
002743
002750
002781
002782
002790
002802
002807
002808
002829
002832
002834
002842
002864
002874
002887
002899
002912
002913
002921
002956
002969
002973
002980
003021
003044
003051
003057
003063
003068
003072
003086
003092
003108
003130
003132
003134
003158
003160
003162
003169
003188
003195
003213
003221
003223
003227
003230
003243
003245
003260
003286
003287
003321
003326
003330
003335
003336
003339
003344
003371
003376
003391
003400
003420
003440
003444
003445
003446
003463
003500
003507
003508
003513
003518
003540
003556
003566
003576
003599
003612
003613
003615
003636
003639
003641
003651
003657
003664
003695
003700
003722
003724
003743
003785
003786
003789
003813
003816
003818
003824
003825
003831
003861
003868
003875
003876
003884
003888
003896
003900
003910
003912
003917
003927
003942
003957
003973
003991
003999
004005
004012
004029
004030
004049
004052
004057
004062
004071
004080
004090
004106
004112
004114
004146
004176
004186
004198
004216
004217
004230
004233
004237
004240
004244
004302
004316
004323
004328
004333
004334
004357
004358
004381
004428
004442
004446
004451
004468
004469
004482
004488
004492
004495
004499
004508
004510
004523
004524
004533
004560
004561
004575
004587
004590
004597
004600
004613
004614
004621
004627
004628
004631
004653
004659
004674
004677
004678
004703
004707
004728
004758
004761
004779
004781
004796
004802
004809
004818
004824
004833
004838
004847
004853
004856
004883
004890
004894
004899
004900
004901
004916
004939
004940
004945
004951
004952
004964
004968
004969
004977
004978
004980
004986
004991
004992
005003
005012
005022
005030
005043
005046
005048
005071
005084
005085
005088
005096
005102
005132
005148
005177
005178
005183
005186
005202
005207
005208
005209
005212
005215
005220
005231
005232
005235
005239
005252
005288
005294
005301
005320
005326
005344
005352
005374
005410
005414
005421
005424
005429
005439
005455
005463
005485
005491
005500
005501
005506
005516
005517
005520
005550
005559
005567
005569
005578
005579
005583
005594
005597
005628
005636
005641
005645
005655
005666
005674
005691
005701
005705
005715
005718
005737
005744
005748
005749
005760
005761
005773
005780
005781
005789
005792
005798
005823
005845
005848
005858
005868
005880
005895
005896
005898
005929
005932
005946
005954
005966
005971
005980
005991
006007
006019
006021
006040
006064
006069
006072
006076
006084
006091
006101
006109
006112
006120
006135
006142
006145
006152
006158
006171
006193
006206
006214
006215
006220
006221
006222
006225
006226
006230
006234
006260
006283
006285
006293
006295
006308
006311
006320
006323
006330
006354
006359
006362
006365
006373
006376
006382
006383
006389
006392
006450
006451
006466
006467
006472
006494
006511
006523
006536
006541
006562
006564
006566
006571
006584
006585
006598
006607
006609
006610
006654
006657
006673
006684
006689
006707
006750
006776
006799
006802
006804
006820
006835
006842
006877
006880
006892
006893
006902
006903
006916
006924
006931
006934
006947
006955
006957
006970
006984
006985
006986
006993
007007
007009
007023
007040
007057
007062
007073
007077
007102
007107
007114
007124
007142
007147
007175
007184
007192
007193
007197
007228
007237
007249
007269
007272
007285
007296
007307
007313
007314
007327
007334
007365
007386
007390
007404
007406
007418
007431
007438
007441
007451
007471
007474
007479
