000001
000003
000004
000008
000010
000012
000015
000017
000019
000020
000023
000024
000025
000026
000027
000031
000033
000037
000040
000043
000045
000047
000048
000050
000052
000053
000054
000055
000057
000058
000059
000061
000064
000065
000066
000073
000075
000076
000077
000078
000081
000084
000085
000089
000090
000093
000096
000098
000099
000100
000102
000103
000107
000108
000110
000116
000117
000118
000120
000122
000124
000126
000128
000129
000132
000134
000135
000136
000137
000139
000140
000143
000147
000148
000151
000158
000159
000161
000167
000168
000169
000170
000173
000174
000175
000176
000177
000181
000182
000183
000185
000186
000190
000191
000192
000193
000194
000195
000197
000199
000203
000204
000207
000209
000210
000212
000213
000215
000218
000223
000226
000230
000231
000232
000233
000234
000236
000237
000239
000241
000244
000246
000247
000248
000249
000250
000251
000252
000257
000260
000261
000262
000265
000267
000268
000269
000272
000273
000277
000279
000280
000281
000283
000284
000287
000289
000291
000293
000294
000297
000300
000301
000307
000308
000309
000311
000314
000315
000318
000321
000323
000326
000328
000332
000333
000334
000335
000336
000340
000341
000342
000345
000346
000347
000350
000351
000354
000355
000356
000357
000358
000359
000360
000361
000364
000366
000369
000370
000372
000373
000377
000378
000379
000381
000382
000383
000384
000386
000388
000390
000391
000392
000393
000394
000395
000397
000399
000400
000401
000402
000404
000408
000409
000411
000416
000419
000420
000422
000426
000427
000429
000430
000436
000437
000442
000448
000450
000451
000453
000454
000455
000456
000457
000459
000463
000468
000472
000473
000475
000476
000479
000480
000481
000482
000486
000487
000489
000491
000492
000493
000495
000496
000497
000503
000507
000508
000510
000511
000512
000515
000518
000519
000527
000532
000535
000536
000537
000539
000541
000542
000543
000545
000546
000547
000550
000551
000554
000555
000558
000559
000560
000561
000564
000566
000567
000571
000572
000577
000583
000587
000588
000590
000591
000595
000596
000597
000600
000601
000609
000610
000611
000612
000613
000615
000616
000617
000618
000619
000620
000621
000624
000626
000627
000628
000630
000631
000634
000635
000636
000641
000642
000644
000646
000647
000648
000649
000655
000657
000658
000659
000661
000662
000663
000667
000668
000669
000670
000672
000674
000675
000678
000679
000680
000684
000688
000691
000692
000694
000697
000698
000699
000700
000702
000703
000704
000706
000708
000709
000715
000716
000717
000718
000720
000722
000725
000726
000727
000728
000729
000731
000734
000737
000740
000741
000745
000746
000748
000749
000750
000751
000752
000753
000756
000757
000761
000764
000765
000767
000768
000771
000775
000782
000795
000798
000800
000802
000803
000805
000807
000809
000811
000812
000816
000818
000819
000821
000823
000826
000831
000832
000837
000838
000840
000842
000843
000844
000847
000849
000850
000851
000852
000854
000856
000861
000862
000863
000865
000867
000869
000873
000875
000876
000877
000878
000879
000887
000890
000892
000893
000894
000897
000898
000899
000903
000904
000905
000909
000911
000912
000920
000921
000923
000926
000930
000931
000932
000937
000940
000941
000942
000943
000944
000945
000948
000949
000950
000952
000953
000956
000961
000962
000963
000964
000967
000969
000970
000971
000974
000976
000977
000978
000979
000981
000983
000984
000985
000988
000991
000993
000994
000999
001001
001002
001006
001007
001008
001011
001012
001013
001015
001018
001021
001022
001024
001026
001027
001032
001035
001038
001039
001040
001041
001043
001046
001047
001049
001050
001053
001054
001055
001056
001058
001059
001062
001063
001064
001065
001068
001069
001070
001071
001072
001075
001076
001077
001078
001081
001083
001084
001089
001090
001092
001095
001096
001097
001098
001099
001101
001102
001104
001106
001107
001108
001111
001115
001117
001118
001121
001122
001125
001126
001127
001128
001132
001136
001138
001139
001140
001142
001146
001149
001150
001152
001153
001154
001156
001158
001159
001162
001163
001166
001167
001170
001173
001177
001178
001180
001182
001183
001188
001189
001190
001192
001193
001194
001195
001198
001199
001201
001207
001211
001212
001213
001215
001217
001218
001222
001223
001224
001225
001226
001229
001230
001232
001236
001237
001241
001244
001245
001246
001251
001252
001255
001257
001260
001261
001265
001266
001267
001268
001269
001270
001273
001277
001281
001284
001285
001286
001287
001288
001289
001291
001292
001293
001294
001295
001302
001303
001304
001305
001306
001307
001308
001313
001314
001317
001319
001323
001324
001327
001328
001330
001331
001334
001337
001339
001340
001342
001343
001344
001345
001346
001347
001350
001352
001355
001356
001363
001365
001366
001367
001369
001374
001377
001382
001387
001388
001389
001390
001391
001397
001398
001403
001405
001407
001410
001411
001412
001416
001417
001418
001419
001424
001438
001439
001442
001445
001446
001450
001451
001453
001454
001458
001461
001463
001466
001467
001469
001471
001474
001475
001478
001480
001481
001485
001488
001491
001492
001493
001495
001498
001501
001503
001504
001507
001508
001510
001511
001512
001513
001514
001516
001519
001520
001521
001522
001524
001525
001526
001527
001528
001533
001535
001537
001538
001541
001543
001545
001546
001548
001549
001555
001559
001564
001565
001569
001572
001575
001576
001577
001579
001582
001583
001586
001587
001588
001590
001593
001594
001596
001600
001602
001603
001605
001606
001613
001615
001616
001617
001618
001621
001622
001623
001624
001625
001627
001631
001633
001634
001639
001640
001643
001644
001645
001647
001648
001651
001656
001660
001664
001667
001669
001670
001672
001675
001676
001677
001678
001680
001682
001683
001684
001693
001697
001699
001701
001702
001703
001704
001705
001707
001709
001711
001712
001713
001714
001716
001717
001718
001720
001722
001723
001727
001729
001731
001732
001735
001736
001737
001739
001741
001742
001743
001745
001746
001749
001750
001752
001757
001759
001762
001764
001765
001769
001771
001774
001776
001777
001778
001780
001781
001785
001787
001790
001794
001795
001797
001800
001801
001802
001807
001808
001813
001814
001815
001818
001819
001822
001823
001824
001826
001828
001832
001833
001840
001848
001852
001853
001854
001855
001856
001858
001859
001861
001862
001867
001869
001870
001872
001873
001875
001877
001878
001880
001881
001882
001883
001884
001885
001886
001887
001888
001889
001890
001892
001893
001897
001898
001901
001904
001909
001910
001915
001919
001920
001922
001923
001924
001925
001926
001928
001929
001931
001932
001933
001934
001935
001937
001940
001941
001942
001943
001945
001954
001955
001959
001960
001961
001965
001969
001972
001974
001977
001979
001981
001984
001985
001986
001988
001989
001991
001993
001995
001996
001997
001999
002000
002001
002002
002003
002004
002005
002007
002008
002010
002012
002014
002015
002016
002017
002022
002023
002027
002028
002029
002034
002035
002037
002041
002042
002044
002045
002046
002047
002050
002051
002052
002053
002054
002056
002061
002062
002065
002067
002068
002071
002073
002074
002076
002078
002079
002081
002082
002085
002086
002090
002091
002093
002094
002095
002097
002099
002100
002101
002102
002106
002108
002109
002111
002113
002115
002118
002121
002122
002123
002124
002129
002130
002131
002132
002133
002134
002135
002136
002138
002139
002140
002142
002149
002151
002158
002160
002161
002163
002165
002166
002167
002168
002169
002170
002173
002174
002175
002177
002178
002180
002182
002183
002185
002187
002188
002189
002190
002196
002200
002201
002202
002206
002209
002216
002218
002219
002224
002225
002228
002229
002236
002237
002239
002243
002245
002246
002248
002250
002251
002254
002256
002257
002258
002260
002262
002263
002268
002271
002272
002276
002277
002278
002279
002280
002282
002284
002290
002291
002293
002295
002298
002303
002306
002307
002308
002314
002315
002319
002325
002326
002328
002330
002332
002335
002336
002337
002338
002340
002341
002344
002345
002346
002347
002348
002350
002351
002352
002353
002357
002359
002362
002363
002364
002365
002366
002369
002370
002372
002374
002376
002378
002379
002380
002382
002383
002384
002385
002386
002387
002391
002392
002393
002394
002397
002398
002399
002401
002405
002407
002408
002415
002419
002423
002424
002426
002427
002428
002432
002433
002434
002440
002441
002446
002448
002450
002454
002455
002456
002458
002461
002463
002472
002473
002474
002477
002479
002480
002483
002486
002487
002488
002492
002495
002496
002500
002502
002503
002505
002507
002511
002513
002515
002516
002519
002520
002521
002522
002523
002525
002526
002530
002531
002532
002534
002536
002538
002539
002540
002541
002543
002545
002546
002548
002550
002552
002553
002557
002558
002561
002562
002563
002564
002565
002567
002568
002569
002570
002572
002574
002575
002577
002579
002580
002581
002582
002583
002584
002591
002598
002599
002600
002601
002602
002603
002604
002606
002607
002608
002609
002611
002612
002613
002615
002616
002620
002621
002624
002626
002628
002630
002634
002635
002636
002638
002640
002641
002644
002645
002646
002649
002651
002653
002655
002656
002664
002665
002669
002673
002674
002680
002681
002684
002685
002687
002692
002694
002697
002698
002699
002701
002706
002709
002710
002711
002712
002715
002716
002717
002720
002721
002722
002724
002725
002726
002728
002729
002730
002733
002735
002737
002740
002741
002744
002747
002748
002752
002753
002755
002757
002758
002760
002761
002764
002765
002766
002768
002769
002770
002772
002775
002778
002783
002784
002788
002789
002792
002793
002794
002796
002797
002799
002800
002804
002805
002809
002810
002812
002813
002815
002817
002818
002820
002821
002824
002826
002828
002830
002831
002833
002836
002839
002840
002844
002845
002846
002847
002848
002850
002851
002852
002853
002854
002856
002861
002862
002867
002870
002872
002876
002879
002883
002884
002885
002889
002890
002891
002892
002894
002895
002896
002898
002900
002901
002902
002903
002905
002906
002910
002911
002914
002915
002916
002917
002924
002928
002930
002931
002934
002935
002936
002937
002938
002941
002942
002943
002944
002945
002947
002951
002952
002953
002954
002955
002959
002960
002961
002963
002964
002966
002967
002970
002971
002972
002974
002975
002976
002982
002983
002984
002986
002989
002993
002996
002999
003000
003001
003003
003004
003005
003007
003009
003010
003011
003012
003018
003019
003020
003022
003024
003025
003026
003027
003029
003030
003031
003033
003035
003038
003043
003045
003046
003047
003048
003050
003053
003054
003055
003056
003062
003064
003065
003066
003070
003071
003073
003074
003075
003076
003081
003084
003087
003088
003093
003094
003096
003099
003100
003101
003103
003104
003106
003107
003109
003110
003111
003112
003113
003114
003116
003117
003118
003122
003124
003126
003128
003131
003133
003136
003137
003141
003142
003143
003145
003146
003147
003148
003149
003150
003151
003153
003156
003159
003164
003165
003167
003170
003172
003175
003176
003177
003178
003180
003183
003186
003187
003190
003192
003194
003197
003201
003203
003204
003205
003207
003208
003209
003210
003211
003214
003216
003217
003219
003222
003224
003225
003226
003228
003229
003231
003233
003235
003236
003239
003240
003242
003248
003249
003250
003251
003255
003256
003258
003265
003266
003271
003272
003273
003274
003275
003276
003281
003283
003284
003288
003290
003294
003295
003296
003297
003298
003299
003301
003304
003305
003306
003310
003316
003319
003320
003322
003323
003327
003328
003329
003332
003337
003338
003341
003345
003347
003349
003350
003351
003352
003353
003355
003364
003366
003368
003370
003373
003375
003377
003379
003380
003381
003383
003384
003385
003386
003389
003390
003393
003394
003395
003396
003397
003398
003399
003401
003402
003403
003404
003405
003407
003409
003410
003412
003413
003417
003418
003419
003422
003423
003425
003426
003428
003429
003430
003432
003434
003438
003439
003443
003450
003451
003452
003453
003455
003457
003458
003462
003465
003466
003468
003469
003471
003472
003474
003478
003479
003480
003482
003483
003487
003488
003489
003492
003495
003496
003497
003506
003511
003514
003515
003517
003519
003520
003521
003524
003527
003528
003529
003531
003532
003533
003535
003538
003539
003541
003542
003544
003546
003547
003550
003552
003553
003554
003557
003558
003562
003563
003565
003567
003568
003569
003572
003574
003575
003577
003578
003582
003584
003586
003587
003588
003589
003592
003595
003596
003600
003601
003604
003605
003608
003609
003610
003611
003614
003616
003617
003618
003621
003622
003624
003627
003629
003630
003631
003632
003633
003637
003638
003640
003643
003644
003645
003647
003648
003652
003653
003655
003656
003658
003659
003660
003661
003662
003668
003670
003671
003672
003673
003674
003676
003678
003681
003682
003683
003684
003685
003688
003690
003691
003692
003693
003697
003702
003704
003705
003707
003708
003710
003711
003712
003716
003718
003719
003721
003723
003726
003728
003729
003731
003733
003735
003736
003738
003739
003740
003747
003749
003751
003753
003755
003756
003759
003760
003763
003764
003765
003768
003769
003771
003775
003776
003778
003779
003781
003782
003787
003788
003791
003794
003795
003796
003800
003802
003803
003804
003805
003806
003807
003808
003809
003810
003812
003814
003815
003817
003819
003820
003822
003823
003826
003827
003828
003830
003833
003834
003836
003837
003840
003841
003847
003849
003850
003852
003854
003855
003856
003857
003862
003864
003865
003866
003867
003870
003872
003873
003874
003879
003880
003885
003890
003891
003892
003893
003894
003897
003898
003899
003901
003902
003903
003904
003907
003909
003911
003913
003914
003915
003916
003923
003924
003925
003928
003931
003932
003934
003943
003944
003945
003946
003948
003950
003952
003955
003956
003958
003961
003962
003964
003969
003972
003975
003977
003980
003984
003988
003992
003995
003996
003998
004001
004002
004003
004004
004007
004009
004010
004011
004016
004024
004026
004027
004028
004032
004033
004034
004036
004039
004040
004041
004042
004043
004045
004046
004048
004051
004055
004060
004061
004065
004067
004068
004072
004074
004076
004077
004081
004082
004083
004087
004089
004091
004095
004096
004098
004099
004100
004101
004104
004105
004107
004110
004111
004113
004116
004117
004118
004119
004120
004121
004122
004126
004129
004130
004132
004134
004137
004138
004140
004141
004143
004145
004148
004149
004150
004152
004153
004154
004155
004156
004157
004158
004159
004161
004162
004166
004168
004170
004171
004172
004175
004177
004183
004185
004187
004190
004191
004192
004193
004195
004196
004202
004203
004204
004206
004207
004208
004209
004210
004211
004213
004214
004215
004219
004220
004221
004223
004225
004226
004231
004232
004234
004235
004238
004239
004241
004242
004243
004246
004248
004249
004254
004255
004258
004259
004260
004263
004266
004270
004271
004272
004275
004277
004278
004280
004281
004282
004283
004284
004285
004288
004289
004290
004291
004294
004295
004299
004300
004301
004303
004306
004307
004308
004309
004311
004312
004314
004315
004318
004319
004321
004326
004327
004329
004330
004331
004335
004336
004338
004339
004340
004342
004343
004344
004345
004349
004350
004352
004353
004356
004360
004362
004363
004364
004366
004368
004369
004373
004374
004377
004379
004384
004388
004391
004392
004395
004396
004398
004399
004402
004403
004404
004406
004407
004409
004413
004414
004415
004418
004419
004420
004421
004422
004424
004425
004430
004432
004433
004434
004435
004439
004440
004443
004445
004447
004449
004450
004452
004454
004455
004456
004457
004458
004461
004462
004464
004467
004471
004472
004474
004475
004476
004478
004480
004481
004484
004486
004487
004490
004491
004493
004496
004498
004501
004502
004509
004511
004512
004513
004517
004518
004519
004526
004528
004529
004530
004531
004532
004534
004541
004542
004543
004545
004547
004548
004553
004557
004559
004562
004563
004567
004568
004569
004570
004572
004573
004574
004576
004577
004578
004579
004581
004582
004585
004588
004591
004592
004595
004601
004602
004603
004606
004609
004610
004611
004612
004615
004620
004622
004623
004624
004626
004629
004630
004632
004633
004635
004636
004640
004644
004646
004647
004648
004650
004652
004657
004658
004660
004663
004664
004665
004667
004668
004672
004675
004679
004680
004681
004682
004683
004684
004685
004686
004688
004689
004691
004692
004693
004694
004698
004699
004701
004705
004706
004708
004709
004710
004712
004713
004714
004715
004718
004720
004721
004722
004725
004726
004727
004729
004730
004732
004733
004734
004735
004737
004738
004740
004741
004742
004743
004744
004745
004746
004747
004748
004750
004751
004752
004753
004756
004759
004760
004763
004765
004766
004767
004769
004770
004776
004778
004785
004787
004788
004790
004793
004798
004800
004801
004803
004804
004806
004810
004819
004820
004821
004822
004825
004829
004830
004831
004832
004834
004835
004836
004839
004841
004842
004843
004845
004848
004851
004852
004854
004855
004858
004859
004860
004862
004863
004865
004867
004868
004869
004871
004874
004876
004878
004879
004881
004885
004887
004888
004893
004895
004896
004897
004898
004902
004904
004909
004912
004914
004917
004918
004920
004921
004922
004925
004926
004929
004930
004934
004935
004938
004941
004942
004943
004944
004946
004949
004950
004954
004955
004956
004959
004960
004961
004963
004966
004967
004974
004976
004979
004981
004983
004985
004987
004989
004990
004993
004994
004995
004996
004998
004999
005001
005002
005004
005006
005008
005010
005013
005015
005017
005018
005019
005021
005024
005026
005028
005029
005032
005033
005034
005036
005038
005040
005041
005044
005049
005051
005053
005055
005056
005057
005058
005063
005064
005065
005066
005067
005068
005070
005072
005073
005074
005075
005080
005082
005086
005087
005091
005093
005094
005095
005099
005100
005101
005103
005104
005105
005108
005110
005111
005112
005113
005120
005122
005124
005125
005126
005127
005128
005135
005138
005139
005140
005141
005143
005144
005145
005147
005149
005151
005153
005154
005155
005158
005160
005161
005162
005163
005164
005166
005167
005168
005170
005172
005173
005174
005176
005179
005180
005181
005182
005189
005190
005191
005192
005193
005194
005198
005199
005201
005204
005206
005214
005216
005217
005218
005221
005223
005227
005229
005230
005233
005234
005236
005237
005240
005241
005242
005243
005244
005249
005251
005254
005255
005256
005257
005258
005260
005267
005268
005271
005273
005274
005275
005276
005278
005279
005280
005282
005284
005287
005290
005293
005295
005298
005299
005303
005306
005308
005310
005311
005312
005313
005316
005318
005319
005321
005323
005327
005328
005333
005336
005337
005338
005341
005342
005343
005345
005346
005347
005349
005350
005351
005359
005360
005363
005365
005366
005368
005369
005372
005377
005378
005380
005381
005385
005386
005387
005389
005390
005391
005399
005400
005404
005406
005407
005409
005411
005413
005415
005417
005423
005425
005426
005427
005430
005431
005434
005437
005440
005441
005442
005443
005444
005447
005449
005450
005451
005452
005453
005454
005458
005460
005461
005464
005465
005466
005467
005471
005472
005473
005474
005475
005476
005478
005479
005481
005482
005483
005484
005486
005487
005488
005489
005493
005495
005498
005503
005505
005507
005510
005511
005513
005514
005523
005525
005529
005530
005534
005535
005536
005537
005538
005540
005542
005544
005545
005546
005551
005552
005554
005557
005558
005561
005563
005565
005566
005570
005572
005573
005576
005577
005580
005581
005582
005586
005588
005590
005592
005595
005600
005602
005603
005604
005605
005606
005607
005608
005610
005613
005617
005618
005623
005625
005626
005630
005631
005632
005633
005634
005635
005638
005640
005643
005644
005648
005650
005652
005653
005657
005658
005663
005664
005667
005668
005671
005672
005673
005676
005680
005685
005687
005689
005692
005694
005695
005697
005700
005703
005704
005706
005707
005708
005709
005710
005714
005716
005717
005725
005727
005728
005729
005730
005731
005732
005736
005738
005739
005740
005743
005745
005747
005751
005754
005757
005762
005763
005764
005768
005772
005779
005782
005783
005785
005787
005790
005794
005796
005799
005803
005811
005812
005813
005816
005819
005820
005821
005824
005826
005828
005830
005832
005834
005835
005837
005838
005839
005840
005841
005842
005844
005846
005851
005852
005854
005855
005856
005857
005859
005861
005864
005872
005873
005878
005879
005881
005882
005884
005885
005887
005889
005892
005893
005897
005900
005901
005903
005904
005905
005906
005907
005909
005910
005912
005913
005914
005916
005917
005918
005919
005921
005922
005924
005925
005927
005930
005933
005935
005936
005938
005939
005943
005944
005945
005947
005948
005949
005951
005952
005955
005956
005962
005965
005968
005973
005974
005975
005981
005984
005985
005986
005990
005993
005996
005997
005999
006001
006002
006003
006005
006008
006009
006010
006013
006014
006018
006023
006024
006028
006029
006030
006032
006033
006034
006036
006037
006038
006039
006041
006042
006043
006044
006045
006046
006047
006048
006049
006052
006054
006055
006060
006063
006066
006067
006068
006070
006071
006074
006077
006078
006083
006085
006088
006096
006097
006099
006100
006102
006105
006106
006108
006110
006113
006114
006115
006116
006118
006122
006123
006125
006127
006128
006130
006133
006136
006140
006143
006144
006148
006149
006150
006154
006156
006157
006163
006165
006168
006169
006170
006173
006174
006176
006177
006178
006180
006181
006183
006185
006186
006187
006190
006191
006192
006196
006198
006202
006204
006208
006210
006213
006216
006219
006228
006229
006232
006233
006235
006237
006238
006243
006244
006246
006247
006249
006250
006251
006257
006258
006263
006265
006266
006267
006268
006269
006271
006272
006273
006274
006275
006276
006277
006278
006279
006280
006282
006287
006297
006300
006301
006302
006305
006310
006312
006314
006315
006321
006322
006329
006331
006332
006334
006338
006339
006340
006342
006343
006344
006345
006347
006355
006356
006360
006363
006364
006366
006368
006369
006370
006371
006372
006374
006375
006377
006379
006380
006386
006387
006391
006393
006394
006395
006396
006398
006399
006400
006401
006403
006404
006405
006407
006408
006409
006410
006412
006415
006417
006418
006419
006420
006421
006423
006424
006425
006426
006427
006429
006433
006434
006436
006437
006439
006440
006441
006442
006443
006444
006445
006446
006452
006453
006454
006459
006462
006463
006464
006465
006468
006469
006470
006473
006474
006475
006477
006478
006480
006481
006482
006483
006486
006487
006488
006489
006490
006491
006496
006497
006498
006499
006502
006503
006505
006507
006508
006509
006512
006513
006514
006515
006516
006517
006518
006519
006520
006524
006525
006528
006529
006530
006532
006535
006537
006540
006542
006543
006549
006550
006551
006553
006555
006557
006558
006563
006565
006568
006569
006570
006574
006575
006577
006578
006580
006581
006582
006586
006588
006593
006594
006595
006599
006601
006602
006603
006604
006605
006608
006613
006614
006624
006625
006626
006628
006629
006632
006634
006637
006638
006641
006644
006646
006648
006649
006650
006651
006652
006655
006658
006660
006663
006669
006670
006674
006678
006679
006682
006683
006686
006690
006692
006693
006694
006696
006703
006704
006705
006709
006710
006711
006712
006713
006714
006715
006716
006719
006722
006723
006724
006726
006727
006729
006731
006732
006733
006735
006737
006738
006739
006741
006744
006745
006746
006747
006748
006752
006753
006754
006755
006756
006758
006760
006763
006764
006765
006767
006768
006770
006771
006772
006773
006774
006777
006780
006781
006782
006783
006784
006787
006789
006791
006792
006795
006796
006797
006798
006800
006803
006806
006811
006813
006815
006817
006818
006821
006822
006823
006824
006825
006828
006829
006831
006832
006833
006834
006839
006841
006844
006847
006848
006849
006850
006852
006853
006854
006855
006856
006862
006863
006867
006868
006870
006872
006873
006874
006875
006876
006879
006885
006887
006888
006889
006891
006896
006897
006898
006899
006901
006905
006906
006907
006908
006910
006913
006914
006915
006917
006922
006925
006928
006936
006937
006939
006940
006942
006943
006944
006945
006948
006950
006951
006953
006956
006960
006961
006962
006963
006964
006968
006971
006973
006974
006975
006978
006980
006982
006983
006987
006988
006990
006991
006992
006995
007003
007005
007006
007008
007010
007011
007012
007014
007015
007018
007019
007022
007024
007025
007026
007027
007031
007032
007036
007037
007039
007041
007042
007043
007047
007048
007049
007050
007051
007052
007055
007056
007059
007060
007061
007063
007064
007065
007068
007069
007071
007078
007079
007081
007085
007087
007088
007091
007093
007094
007095
007096
007098
007100
007103
007105
007108
007109
007111
007112
007116
007117
007118
007120
007122
007125
007126
007128
007129
007130
007131
007132
007133
007135
007136
007137
007138
007139
007140
007141
007143
007144
007145
007146
007149
007151
007153
007155
007161
007162
007163
007165
007166
007168
007174
007176
007178
007179
007180
007182
007183
007185
007187
007188
007189
007191
007194
007198
007199
007200
007201
007202
007204
007207
007208
007209
007210
007211
007214
007217
007221
007225
007227
007229
007230
007235
007236
007238
007242
007243
007245
007246
007251
007252
007255
007258
007259
007260
007265
007266
007267
007270
007273
007274
007275
007279
007282
007283
007284
007286
007287
007289
007291
007297
007300
007302
007303
007309
007311
007312
007315
007318
007319
007323
007325
007326
007328
007329
007330
007333
007335
007336
007337
007339
007340
007342
007343
007344
007345
007347
007348
007350
007352
007353
007356
007357
007358
007359
007360
007364
007367
007368
007369
007370
007371
007373
007374
007375
007376
007377
007378
007380
007381
007384
007388
007389
007395
007396
007397
007401
007402
007409
007410
007412
007416
007420
007421
007422
007423
007424
007428
007432
007434
007435
007436
007437
007439
007440
007442
007449
007450
007453
007456
007458
007459
007460
007462
007463
007464
007467
007468
007469
007473
007475
007478
007480
