000386
000387
000388
000389
000390
000391
000392
000393
000394
000395
000396
000397
000398
000399
000400
000401
000402
000403
000404
000405
000406
000407
000408
001640
001641
001642
001643
001644
001645
001646
001647
001648
001649
001650
001651
001652
001653
001654
001655
001656
001657
001658
001659
001660
001661
001662
001663
001664
001665
001666
001667
001668
001669
001670
001671
001672
001673
001674
001675
001676
001677
001678
001679
001680
001681
001682
001683
001684
001685
001686
001687
001688
001689
001690
001691
001692
001693
001694
001695
001696
001697
001698
001699
001700
001701
001702
001703
001704
001705
001706
001707
001708
001709
001710
001711
001712
001713
001714
001715
001716
001717
001718
001719
001720
001721
001722
001723
001724
001725
001726
001727
001728
001729
001730
001731
001732
001733
001734
001735
001736
001737
001738
001739
001740
001741
001742
001743
001744
001745
001746
001747
001748
001749
001750
001751
001752
001753
001754
001755
001756
001757
001758
001759
001760
001761
001762
001763
001764
001765
001766
001767
001768
001769
001770
001771
001772
001773
001774
001775
001776
001777
001778
001779
001780
001781
001782
001783
001784
001785
001786
001787
001788
001789
001790
001791
001792
001793
001794
001795
001796
001797
001798
001799
001800
001801
001802
001803
001804
001805
001806
001807
001808
001809
001810
001811
001812
001813
001814
001815
001816
001817
001818
001819
001820
001821
001822
001823
001824
001825
001826
001827
001828
001829
001830
001831
001832
001833
001834
001835
001836
001837
001838
001839
001840
001841
001842
001843
001844
001845
001846
001847
001848
001849
001850
001851
001852
001853
001854
001855
001856
001857
001858
001859
001860
001861
001862
001863
001864
001865
001866
001867
001868
001869
001870
001871
001872
001873
001874
001875
001876
001877
001878
001879
001880
001881
001882
001883
001884
001885
001886
001887
001888
001889
001890
001891
001892
001893
001894
001895
001896
001897
002201
002202
002203
002204
002205
002206
002207
002208
002209
002210
002211
002212
002213
002214
002215
002216
002217
002218
002219
002220
002221
002222
002223
002224
002225
002226
002227
002228
002229
002230
002231
002232
002233
002234
002235
002236
002237
002238
002239
002240
002241
002242
002243
002244
002245
002246
002247
002248
002249
002250
002251
002252
002253
002254
002255
002256
002257
002258
002259
002260
002261
002262
002263
002264
002265
002266
002267
002268
002269
002270
002271
002272
002273
002274
002275
002276
002277
002278
002279
002280
002281
002282
002283
002284
002285
002286
002287
002288
002289
002290
002291
002292
002293
002294
002295
002296
002297
002298
002299
002300
002301
002302
002303
002304
002305
002306
002307
002308
002309
002310
002311
002312
002313
002314
002315
002316
002317
002318
002319
002320
002321
002322
002323
002324
002325
002326
002327
002328
002329
002330
002331
002332
002333
002334
002335
002336
002337
002338
002339
002340
002341
002342
002343
002344
002345
002346
002347
002348
002349
002350
002351
002352
002353
002354
002355
002356
002357
002358
002359
002360
002361
002362
002363
002364
002365
002366
002367
002368
002369
002370
002371
002372
002373
002374
002375
002376
002377
002378
002379
002380
002381
002382
002383
002384
002385
002386
002387
002388
002389
002390
002391
002392
002393
002394
002395
002396
002397
002398
002399
002400
002401
002402
002403
002404
002405
002406
002407
002408
002409
002410
002411
002412
002413
002414
002415
002416
002417
002418
002419
002420
002421
002422
002423
002424
002425
002426
002427
002428
002429
002430
002431
002432
002433
002434
002435
002436
002437
002438
002439
002440
002441
002442
002443
002444
002445
002446
002447
002448
002449
002450
002451
002452
002453
002454
002455
002456
002457
002458
002459
002460
002461
002462
002463
002464
002465
002466
002467
002468
002469
002470
002471
002472
002473
002474
002475
002476
002477
002478
002479
002480
002481
002482
002483
002484
002485
002486
002487
002488
002489
002490
002491
002492
002493
002494
002495
002496
002497
002498
002499
002500
002501
002502
002503
002504
002505
002506
002507
002508
002509
002510
002511
002512
002513
002514
002515
002516
002517
002518
002519
002520
002521
002522
002523
002524
002525
002526
002527
002528
002529
002530
002531
002532
002533
002534
002535
002536
002537
002538
002539
002540
002541
002542
002543
002544
002545
002546
002547
002548
002549
002550
002551
002552
002553
002554
002555
002556
002557
002558
002559
002560
002561
002562
002563
002564
002565
002566
002567
002568
002569
002570
002571
002572
002573
002574
002575
002576
002577
002578
002579
002580
002581
002582
002583
002584
002585
002586
002587
002588
002589
002590
002591
002592
002593
002594
002595
002596
002597
002598
002599
002600
002601
002602
002603
002604
002605
002606
002607
002608
002609
002610
002611
002612
002613
002614
002615
002616
002617
002618
002619
002620
002621
002622
002623
002624
002625
002626
002627
002628
002629
002630
002631
002632
002633
002634
002635
002636
002637
002638
002639
002640
002641
002642
002643
002644
002645
002646
002647
002648
002649
002650
002651
002652
002653
002654
002655
002656
002657
002658
002659
002660
002661
002662
002663
002664
002665
002666
002667
002668
002669
002670
002671
002672
002673
002674
002675
002676
002677
002678
002679
002680
002681
002682
002683
002684
002685
002686
002687
002688
002689
002690
002691
002692
002693
002694
002695
002696
002697
002698
002699
002700
002701
002702
002703
002704
002705
002706
002707
002708
002709
002710
002711
002712
002713
002714
002715
002716
002717
002718
002719
002720
002721
002722
002723
002724
002725
002726
002727
002728
002729
002730
002731
002732
002733
002734
002735
002736
002737
002738
002739
002740
002741
002742
002743
002744
002745
002746
002747
002748
002749
002750
002751
002752
002753
002754
002755
002756
002757
002758
002759
002760
002761
002762
002763
002764
002765
002766
002767
002768
002769
002770
002771
002772
002773
002774
002775
002776
002777
003037
003038
003039
003040
003041
003042
003043
003044
003045
003594
003595
003596
003597
003598
003599
003600
003601
003602
003603
003604
003605
003606
003607
003608
003609
003610
003611
003612
003613
003614
003615
003616
003617
003618
003619
003620
003621
003622
003623
003624
003625
003626
003627
003628
003629
003630
003631
003632
003633
003634
003635
003636
003637
003638
003639
003640
003641
003642
003643
003644
003645
003646
003647
003648
003649
003650
003651
003652
003653
003654
003655
003656
003657
003658
003659
003660
003661
003662
003663
003664
003665
003666
003667
003668
003669
003670
003671
003672
003673
003674
003675
003676
003677
003678
003679
003680
003681
004138
004139
004140
004141
004142
004143
004144
004145
004146
004147
004148
004149
004150
004151
004152
004153
004154
004155
004156
004157
004158
004159
004160
004161
004162
004163
004164
004165
004166
004167
004168
004169
004170
004171
004172
004173
004174
004175
004176
004177
004178
004179
004180
004181
004182
004183
004184
004185
004186
004187
004188
004189
004190
004191
004192
004193
004194
004195
004196
004197
004198
004199
004200
004201
004202
004203
004204
004205
004206
004207
004208
004209
004210
004211
004212
004213
004214
004215
004216
004217
004218
004219
004220
004221
004222
004223
004224
004225
004226
004227
004228
004229
004230
004231
004232
004233
004234
004235
004236
004237
004238
004239
004240
004241
004242
004243
004244
004245
004246
004247
004248
004249
004250
004251
004252
004253
004254
004255
004256
004257
004258
004259
004260
004261
004262
004263
004264
004265
004266
004267
004268
004269
004270
004271
004272
004273
004274
004275
004276
004277
004278
004279
004280
004281
004282
004283
004284
004285
004286
004287
004288
004289
004290
004291
004292
004293
004294
004295
004296
004297
004298
004299
004300
004301
004302
004303
004304
004305
004306
004307
004308
004309
004310
004311
004312
004313
004314
004315
004316
004317
004318
004319
004320
004321
004322
004323
004324
004325
004326
004327
004328
004329
004330
004331
004886
004887
004888
004889
004890
004891
004892
004893
004894
004895
004896
004897
004898
004899
004900
004901
004902
004903
004904
004905
004906
004907
004908
004909
004910
004911
004912
004913
004914
004915
004916
004917
004918
004919
004920
004921
004922
004923
004924
004925
004926
004927
004928
004929
004930
004931
004932
004933
004934
004935
004936
004937
004938
004939
004940
004941
004942
004943
004944
004945
004946
004947
004948
004949
004950
004951
004952
004953
004954
004955
004956
004957
004958
004959
004960
004961
004962
004963
004964
004965
004966
004967
004968
004969
004970
004971
004972
004973
004974
004975
004976
004977
004978
004979
004980
004981
004982
004983
004984
004985
004986
004987
004988
004989
004990
004991
004992
004993
004994
004995
004996
004997
004998
004999
005000
005001
005002
005003
005004
005005
005006
005007
005008
005009
005010
005011
005012
005013
005014
005015
005016
005017
005018
005019
005020
005021
005022
005023
005024
005025
005026
005027
005028
005029
005030
005031
005032
005033
005034
005035
005036
005037
005038
005039
005040
005041
005042
005043
005044
005045
005046
005047
005048
005049
005050
005051
005052
005053
005054
005055
005056
005057
005058
005059
005060
005061
005062
005063
005064
005065
005066
005067
005068
005069
005070
005071
005072
005073
005074
005075
005076
005077
005078
005079
005080
005081
005082
005083
005084
005085
005086
005087
005088
005089
005090
005091
005092
005093
005094
005095
005096
005097
005098
005099
005100
005101
005102
005103
005104
005105
005106
005107
005108
005109
005110
005111
005112
005113
005114
005115
005116
005117
005118
005119
005120
005121
005122
005123
005124
005125
005126
005127
005128
005852
005853
005854
005855
005856
005857
005858
005859
005860
005861
005862
005863
005864
005865
005866
005867
005868
005869
005870
005871
005872
005873
005874
005875
005876
005877
005878
005879
005880
005881
005882
005883
005884
005885
005886
005887
005888
005889
005890
005891
005892
005893
005894
005895
005896
005897
005898
005899
005900
005901
005902
005903
005904
005905
005906
005907
005908
005909
005910
005911
005912
005913
005914
005915
005916
005917
005918
005919
005920
005921
005922
005923
005924
005925
005926
005927
005928
005929
005930
005931
005932
005933
005934
005935
005936
005937
005938
005939
005940
005941
005942
005943
005944
005945
005946
005947
005948
005949
005950
005951
005952
005953
005954
005955
005956
005957
005958
005959
005960
005961
005962
005963
005964
005965
005966
005967
005968
005969
005970
005971
005972
005973
005974
005975
005976
005977
005978
005979
005980
005981
005982
005983
005984
005985
005986
005987
005988
005989
005990
005991
005992
005993
005994
005995
005996
005997
005998
005999
006000
006001
006002
006003
006004
006005
006006
006007
006008
006009
006010
006011
006012
006013
006014
006015
006016
006017
006018
006019
006020
006021
006022
006023
006024
006025
006026
006027
006028
006029
006030
006031
006032
006033
006034
006035
006036
006037
006038
006039
006040
006041
006042
006043
006044
006045
006046
006047
006048
006049
006050
006051
006052
006053
006054
006055
006056
006057
006058
006059
006060
006061
006062
006063
006064
006065
006066
006067
006068
006069
006070
006071
006072
006073
006074
006075
006076
006077
006078
006079
006080
006081
006082
006083
006084
006085
006086
006087
006088
006089
006090
006091
006092
006093
006094
006095
006096
006097
006098
006099
006100
006101
006102
006103
006104
006105
006106
006107
006108
006109
006110
006111
006112
006113
006114
006115
006116
006117
006118
006119
006120
006121
006122
006123
006124
006125
006126
006127
006128
006129
006130
006131
006132
006133
006134
006135
006136
006137
006138
006139
006473
006474
006475
006507
006508
006509
006510
006645
006646
006647
006648
006649
006650
006651
006652
006653
006654
006655
006656
006657
006658
006659
006660
006661
006662
006663
006664
006665
006666
006667
006668
006669
006670
006671
006672
006673
006674
006675
006676
006677
006678
006679
006759
006760
006761
006973
006974
006975
006976
006981
006982
006983
006984
007039
007040
007041
007042
007043
007044
007045
007046
007047
007048
007049
007050
007051
007052
007053
007054
007055
007056
007057
007058
007059
007060
007209
007412
007413
007414
007415
007474
007475
007476
007477
007478
007479
007480
