001898
001899
001900
001901
001902
001903
001904
001905
001906
001907
001908
001909
001910
001911
001912
001913
001914
001915
001916
001917
001918
001919
001920
001921
001922
001923
001924
001925
001926
001927
001928
001929
001930
001931
001932
001933
001934
001935
001936
001937
001938
001939
001940
001941
001942
001943
001944
001945
001946
001947
001948
001949
001950
001951
001952
001953
001954
001955
001956
001957
001958
001959
001960
001961
001962
001963
001964
001965
001966
001967
001968
001969
001970
001971
001972
001973
001974
001975
001976
001977
001978
001979
001980
001981
001982
001983
001984
001985
001986
001987
001988
001989
001990
001991
001992
001993
001994
001995
001996
001997
001998
001999
002000
002001
002002
002003
002004
002005
002006
002007
002008
002009
002010
002011
002012
002013
002014
002015
002016
002017
002018
002019
002020
002021
002022
002023
002024
002025
002026
002027
002028
002029
002030
002031
002032
002033
002034
002035
002036
002037
002038
002039
002040
002041
002042
002043
002044
002045
002046
002047
002048
002049
002050
002051
002052
002053
002054
002055
002056
002057
002058
002059
002060
002061
002062
002063
002064
002065
002066
002067
002068
002069
002070
002071
002072
002930
002931
002932
002933
002934
002935
002936
002937
002938
002939
002940
002941
002942
002943
002944
002945
002946
002947
002948
002949
002950
002951
002952
002953
002954
002955
002956
002957
002958
002959
002960
002961
002962
002963
002964
002965
002966
002967
002968
002969
002970
002971
002972
002973
002974
002975
002976
002977
002978
002979
002980
002981
002982
002983
002984
002985
002986
002987
002988
002989
002990
002991
002992
002993
002994
002995
002996
002997
002998
002999
003000
003001
003002
003003
003004
003005
003006
003007
003008
003009
003010
003011
003012
003013
003014
003015
003016
003017
003018
003019
003020
003021
003022
003023
003024
003025
003026
003027
003028
003029
003030
003031
003032
003033
003034
003035
003036
003090
003091
003092
003093
003094
003095
003096
003097
003098
003099
003100
003101
003102
003103
003104
003105
003106
003107
003108
003109
003110
003111
003112
003113
003114
003115
003116
003117
003118
003119
003120
003121
003122
003123
003124
003125
003126
003127
003128
003129
003130
003131
003132
003133
003134
003135
003136
003137
003138
003139
003140
003141
003142
003143
003144
003145
003146
003147
003148
003149
003150
003151
003152
003153
003154
003155
003156
003157
003158
003159
003160
003161
003162
003163
003164
003165
003166
003167
003168
003169
003170
003171
003172
003173
003174
003175
003176
003177
003178
003179
003180
003181
003182
003183
003184
003185
003186
003187
003188
003189
003190
003191
003192
003193
003194
003195
003196
003197
003198
003199
003200
003201
003202
003203
003204
003205
003206
003207
003208
003209
003210
003211
003212
003213
003214
003215
003216
003217
003218
003219
003220
003221
003222
003223
003224
003225
003226
003227
003228
003229
003230
003231
003232
003233
003234
003235
003236
003237
003238
003239
003240
003241
003242
003243
003244
003245
003246
003247
003248
003249
003250
003251
003252
003253
003254
003255
003256
003257
003258
003259
003260
003261
003262
003263
003264
003265
003266
003267
003268
003269
003270
003271
003272
003273
003274
003275
003276
003277
003278
003279
003280
003281
003282
003283
003284
003285
003286
003287
003288
003289
003290
003291
003292
003293
003294
003295
003296
003297
004629
004630
004631
004632
004633
004634
004635
004636
004637
004638
004639
004640
004641
004642
004643
004644
004645
004646
004647
004648
004649
004650
004651
004652
004653
004654
004655
004656
004657
004658
004659
004660
004661
004662
004663
004664
004665
004666
004667
004668
004669
004670
004671
004672
004673
004674
004675
004676
004677
004678
004679
004680
004681
004682
004683
004684
004685
004686
004687
004688
004689
004690
004691
004692
004693
004694
004695
004696
004697
004698
004699
004700
004701
004702
004703
004704
004705
004706
004707
004708
004709
004710
004711
004712
004713
004714
004715
004716
004717
004718
004719
004720
004721
004722
004723
004724
004725
004726
004727
004728
004729
004730
004731
004732
004733
004734
004735
004736
004737
004738
004739
004740
004741
004742
004743
004744
004745
004746
004747
004748
004749
004750
004751
004752
004753
004754
004755
004756
004757
004758
004759
004760
004761
004762
004763
004764
004765
004766
004767
004768
004769
004770
004771
004772
004773
004774
004775
004776
004777
004778
004779
004780
004781
004782
004783
004784
004785
004786
004787
004788
004789
004790
004791
004792
004793
004794
004795
004796
004797
004798
004799
004800
004801
004802
004803
004804
004805
004806
004807
004808
004809
004810
004811
004812
004813
004814
004815
004816
004817
004818
004819
004820
005471
005472
005473
005474
005475
005476
005477
005478
005479
005480
005481
005482
005483
005484
005485
005486
005487
005488
005489
005490
005491
005492
005493
005494
005495
005496
005497
005498
005499
005500
005501
005502
005503
005504
005505
005506
005507
005508
005509
005510
005511
005512
005513
005514
005515
005516
005517
005518
005519
005520
005521
005522
005523
005524
005525
005526
005527
005528
005529
005530
005531
005532
005533
005534
005535
005536
005537
005538
005539
005540
005541
005542
005543
005544
005545
005546
005547
005548
005549
005550
005551
005552
005553
005554
005555
005556
005557
005558
005559
005560
005561
005562
005563
005564
005565
005566
005567
005568
005569
005570
005571
005572
005573
005574
005575
005576
005577
005578
005579
005580
005581
005582
005583
005584
005585
005586
005587
005588
005589
005590
005591
005592
005593
005594
005595
005596
005597
005598
005599
005600
005601
005602
005603
005604
005605
005606
005607
005608
005609
005610
005611
005612
005613
005614
005615
005616
005617
005618
005619
005620
005621
005622
005623
005624
005625
005626
005627
005628
005629
005630
005631
005632
005633
005634
005635
005636
005637
005638
005639
005640
005641
005642
005643
005644
005645
005646
005647
005648
005649
005650
005651
005652
005653
005654
005655
005656
005657
005658
005659
005660
005661
005662
006441
006442
006443
006444
006445
006446
006447
006448
006449
006450
006451
006452
006453
006454
006476
006505
006506
006511
006512
006513
006514
006515
006516
006517
006518
006519
006520
006521
006522
006523
006524
006525
006526
006527
006528
006529
006530
006531
006680
006681
006682
006683
006684
006685
006686
006687
006688
006689
006690
006691
006692
006693
006694
006695
006696
006697
006698
006699
006700
006701
006702
006703
006704
006705
006706
006707
006708
006709
006710
006711
006712
006713
006714
006715
006716
006717
006718
006719
006720
006721
006722
006723
006724
006725
006726
006727
006728
006729
006730
006731
006732
006733
006734
006735
006957
006958
006959
006960
006961
006962
006963
006964
006969
006970
006971
006972
007031
007032
007033
007034
007035
007036
007037
007038
007109
007110
007111
007112
007113
007114
007198
007199
007200
007201
007202
007203
007204
007205
007206
007207
007208
007227
007228
007229
007230
007242
007243
007244
007289
007290
007291
007292
007293
007348
007349
007350
007354
007355
007356
007357
007371
007372
007373
007438
007439
007440
007441
007442
007443
007444
007445
007446
007447
007448
007449
007450
007451
