000016
000018
000028
000051
000067
000079
000082
000091
000105
000119
000121
000131
000145
000153
000206
000217
000228
000263
000290
000295
000296
000337
000338
000367
000428
000435
000439
000490
000498
000501
000509
000514
000530
000575
000602
000603
000604
000637
000671
000711
000713
000721
000770
000828
000841
000889
000896
000925
000972
001028
001029
001030
001057
001060
001091
001113
001124
001169
001181
001185
001220
001256
001310
001400
001422
001430
001433
001441
001470
001472
001473
001487
001529
001532
001547
001550
001581
001589
001595
001611
001652
001654
001685
001687
001692
001725
001734
001758
001761
001796
001834
001846
001850
001864
001879
001895
001902
001912
001913
001947
001970
001982
001998
002058
002116
002162
002171
002172
002211
002253
002264
002270
002327
002331
002334
002371
002381
002406
002430
002481
002524
002533
002547
002596
002610
002614
002643
002654
002667
002668
002700
002718
002739
002767
002780
002791
002819
002825
002857
002859
002868
002875
002881
002918
002926
002927
002940
002994
003013
003028
003039
003060
003077
003105
003185
003193
003196
003234
003246
003269
003277
003291
003315
003324
003348
003360
003374
003387
003392
003421
003437
003476
003481
003491
003536
003545
003560
003591
003597
003606
003625
003628
003649
003667
003694
003709
003717
003737
003741
003766
003790
003793
003821
003838
003842
003844
003882
003889
003905
003906
003922
003933
003951
003954
003966
003971
003981
003983
004018
004023
004058
004078
004085
004109
004139
004165
004229
004236
004245
004250
004252
004262
004286
004313
004341
004347
004367
004389
004417
004427
004431
004479
004503
004514
004521
004536
004552
004584
004594
004617
004634
004641
004662
004704
004723
004755
004762
004775
004795
004797
004844
004903
004908
004910
004919
004923
004972
005000
005007
005027
005031
005037
005050
005059
005069
005078
005115
005131
005150
005169
005200
005247
005259
005261
005291
005329
005392
005393
005395
005408
005412
005418
005462
005470
005480
005492
005499
005526
005564
005568
005575
005593
005615
005675
005683
005721
005735
005750
005795
005801
005804
005825
005836
005899
005958
005987
005994
006017
006051
006065
006073
006075
006087
006124
006129
006194
006242
006255
006307
006352
006414
006422
006432
006438
006522
006526
006554
006573
006617
006672
006685
006699
006706
006749
006775
006788
006801
006807
006830
006861
006894
006911
006912
006935
006949
006958
006979
006994
007004
007013
007020
007058
007066
007084
007110
007171
007181
007190
007216
007264
007278
007290
007305
007308
007310
007316
007320
007321
007372
007417
007427
007448
007452
007457
